,tweet_id,favorites,retweets
0,666020888022790149,2527,523
1,666029285002620928,131,47
2,666033412701032449,126,46
3,666044226329800704,305,143
4,666049248165822465,110,40
5,666050758794694657,135,59
6,666051853826850816,1243,869
7,666055525042405380,447,259
8,666057090499244032,304,144
9,666058600524156928,115,59
10,666063827256086533,489,226
11,666071193221509120,153,65
12,666073100786774016,328,172
13,666082916733198337,120,46
14,666094000022159362,166,76
15,666099513787052032,160,72
16,666102155909144576,80,14
17,666104133288665088,14597,6779
18,666268910803644416,107,36
19,666273097616637952,180,79
20,666287406224695296,151,70
21,666293911632134144,515,364
22,666337882303524864,202,95
23,666345417576210432,305,144
24,666353288456101888,227,74
25,666362758909284353,794,586
26,666373753744588802,193,95
27,666396247373291520,170,90
28,666407126856765440,112,42
29,666411507551481857,457,337
30,666418789513326592,126,47
31,666421158376562688,323,117
32,666428276349472768,169,89
33,666430724426358785,324,202
34,666435652385423360,170,54
35,666437273139982337,130,51
36,666447344410484738,106,22
37,666454714377183233,537,217
38,666644823164719104,236,87
39,666649482315059201,910,601
40,666691418707132416,192,50
41,666701168228331520,444,227
42,666739327293083650,241,69
43,666776908487630848,363,184
44,666781792255496192,400,206
45,666786068205871104,795,515
46,666804364988780544,248,94
47,666817836334096384,535,262
48,666826780179869698,263,102
49,666835007768551424,222,82
50,666837028449972224,847,577
51,666983947667116034,2651,1031
52,666996132027977728,254,101
53,667012601033924608,466,236
54,667044094246576128,195,52
55,667062181243039745,224,57
56,667065535570550784,173,50
57,667073648344346624,420,131
58,667090893657276420,344,131
59,667119796878725120,343,134
60,667138269671505920,4790,2353
61,667152164079423490,49313,18069
62,667160273090932737,265,66
63,667165590075940865,2786,1217
64,667171260800061440,231,97
65,667174963120574464,259,86
66,667176164155375616,631,482
67,667177989038297088,197,58
68,667182792070062081,14948,6548
69,667188689915760640,777,444
70,667192066997374976,410,114
71,667200525029539841,647,279
72,667211855547486208,512,257
73,667369227918143488,384,171
74,667393430834667520,206,60
75,667405339315146752,486,231
76,667435689202614272,322,88
77,667437278097252352,473,255
78,667443425659232256,818,615
79,667453023279554560,324,95
80,667455448082227200,200,66
81,667470559035432960,271,101
82,667491009379606528,554,237
83,667495797102141441,553,293
84,667502640335572993,557,230
85,667509364010450944,7084,2247
86,667517642048163840,387,202
87,667524857454854144,1782,1184
88,667530908589760512,494,260
89,667534815156183040,858,570
90,667538891197542400,214,72
91,667544320556335104,908,559
92,667546741521195010,348,135
93,667549055577362432,6071,2434
94,667550882905632768,0,34
95,667550904950915073,0,37
96,667724302356258817,513,340
97,667728196545200128,392,160
98,667766675769573376,471,236
99,667773195014021121,242,61
100,667782464991965184,431,257
101,667793409583771648,728,354
102,667801013445750784,343,100
103,667806454573760512,1099,527
104,667832474953625600,299,68
105,667861340749471744,252,84
106,667866724293877760,3135,1095
107,667873844930215936,659,435
108,667878741721415682,407,126
109,667885044254572545,857,521
110,667886921285246976,1983,1168
111,667902449697558528,886,394
112,667911425562669056,518,324
113,667915453470232577,219,59
114,667924896115245057,315,120
115,667937095915278337,1343,852
116,668113020489474048,698,264
117,668142349051129856,587,305
118,668154635664932864,517,335
119,668171859951755264,518,207
120,668190681446379520,684,208
121,668204964695683073,581,205
122,668221241640230912,531,214
123,668226093875376128,322,113
124,668237644992782336,6531,3055
125,668248472370458624,1048,521
126,668256321989451776,1371,662
127,668268907921326080,585,257
128,668274247790391296,874,247
129,668286279830867968,529,149
130,668291999406125056,261,34
131,668297328638447616,650,316
132,668466899341221888,930,552
133,668480044826800133,485,161
134,668484198282485761,448,250
135,668496999348633600,431,144
136,668507509523615744,342,114
137,668528771708952576,490,240
138,668537837512433665,259,78
139,668542336805281792,486,228
140,668544745690562560,545,248
141,668567822092664832,259,62
142,668614819948453888,642,338
143,668620235289837568,210,45
144,668623201287675904,1524,843
145,668625577880875008,415,140
146,668627278264475648,335,122
147,668631377374486528,752,345
148,668633411083464705,2979,1760
149,668636665813057536,1098,518
150,668641109086707712,1130,569
151,668643542311546881,929,571
152,668645506898350081,948,582
153,668655139528511488,555,232
154,668779399630725120,740,402
155,668815180734689280,600,289
156,668826086256599040,460,150
157,668852170888998912,472,178
158,668872652652679168,554,319
159,668892474547511297,415,163
160,668902994700836864,333,106
161,668932921458302977,281,62
162,668955713004314625,298,76
163,668960084974809088,744,260
164,668975677807423489,1376,630
165,668979806671884288,833,377
166,668981893510119424,568,333
167,668986018524233728,575,181
168,668988183816871936,950,512
169,668989615043424256,714,352
170,668992363537309700,789,377
171,668994913074286592,462,251
172,669000397445533696,21924,6859
173,669006782128353280,603,268
174,669015743032369152,776,396
175,669037058363662336,686,332
176,669203728096960512,1065,514
177,669214165781868544,467,181
178,669216679721873412,950,417
179,669324657376567296,521,221
180,669327207240699904,605,125
181,669328503091937280,1064,446
182,669351434509529089,468,204
183,669353438988365824,681,278
184,669354382627049472,2865,1370
185,669359674819481600,384,133
186,669363888236994561,660,248
187,669367896104181761,482,169
188,669371483794317312,519,193
189,669375718304980992,1412,779
190,669393256313184256,381,82
191,669564461267722241,405,131
192,669567591774625800,245,61
193,669571471778410496,1670,1073
194,669573570759163904,461,154
195,669583744538451968,1571,1005
196,669597912108789760,542,162
197,669603084620980224,999,395
198,669625907762618368,3729,1941
199,669661792646373376,846,474
200,669680153564442624,703,309
201,669682095984410625,370,143
202,669683899023405056,409,117
203,669749430875258880,286,71
204,669753178989142016,847,428
205,669923323644657664,246,62
206,669926384437997569,395,112
207,669942763794931712,532,181
208,669970042633789440,316,65
209,669972011175813120,464,174
210,669993076832759809,339,91
211,670003130994700288,346,100
212,670037189829525505,616,303
213,670040295598354432,793,117
214,670046952931721218,679,191
215,670055038660800512,707,356
216,670061506722140161,808,371
217,670069087419133954,668,271
218,670073503555706880,1655,861
219,670079681849372674,2363,1356
220,670086499208155136,731,272
221,670093938074779648,1097,362
222,670290420111441920,743,311
223,670303360680108032,446,149
224,670319130621435904,4058,1335
225,670338931251150849,449,120
226,670361874861563904,340,71
227,670374371102445568,779,291
228,670385711116361728,586,232
229,670403879788544000,455,171
230,670408998013820928,590,242
231,670411370698022913,2156,977
232,670417414769758208,595,347
233,670420569653809152,662,337
234,670421925039075328,1388,696
235,670427002554466305,542,176
236,670428280563085312,1469,686
237,670433248821026816,339,122
238,670434127938719744,1483,698
239,670435821946826752,1108,562
240,670442337873600512,681,207
241,670444955656130560,7062,2122
242,670449342516494336,1249,724
243,670452855871037440,574,223
244,670465786746662913,1024,599
245,670468609693655041,368,90
246,670474236058800128,1614,823
247,670668383499735048,11308,5458
248,670676092097810432,262,45
249,670679630144274432,787,313
250,670691627984359425,620,259
251,670704688707301377,799,399
252,670717338665226240,1287,538
253,670727704916926465,872,396
254,670733412878163972,1009,547
255,670755717859713024,471,121
256,670764103623966721,1136,457
257,670778058496974848,342,77
258,670780561024270336,816,310
259,670782429121134593,1668,850
260,670783437142401025,858,423
261,670786190031921152,631,216
262,670789397210615808,694,254
263,670792680469889025,879,295
264,670797304698376195,768,257
265,670803562457407488,357,93
266,670804601705242624,2076,1015
267,670807719151067136,1211,530
268,670811965569282048,1186,290
269,670815497391357952,3359,1682
270,670822709593571328,638,105
271,670823764196741120,814,203
272,670826280409919488,5876,4419
273,670832455012716544,773,239
274,670833812859932673,468,134
275,670838202509447168,1173,747
276,670840546554966016,623,211
277,670842764863651840,25800,9473
278,670995969505435648,1159,313
279,671109016219725825,1206,474
280,671115716440031232,1416,828
281,671122204919246848,3682,2725
282,671134062904504320,789,210
283,671138694582165504,983,441
284,671141549288370177,1229,701
285,671147085991960577,703,248
286,671151324042559489,706,165
287,671154572044468225,759,235
288,671159727754231808,395,89
289,671163268581498880,1741,1187
290,671166507850801152,915,384
291,671182547775299584,1174,375
292,671186162933985280,775,235
293,671347597085433856,1017,465
294,671355857343524864,500,119
295,671357843010908160,422,156
296,671362598324076544,1172,319
297,671390180817915904,1491,796
298,671485057807351808,794,250
299,671486386088865792,611,225
300,671488513339211776,1063,508
301,671497587707535361,965,478
302,671504605491109889,7422,3818
303,671511350426865664,1701,778
304,671518598289059840,995,313
305,671520732782923777,1474,577
306,671528761649688577,885,277
307,671533943490011136,1078,624
308,671536543010570240,1232,436
309,671538301157904385,970,430
310,671542985629241344,1149,609
311,671544874165002241,2100,1133
312,671547767500775424,1434,643
313,671561002136281088,13532,7813
314,671729906628341761,8999,4717
315,671735591348891648,1515,811
316,671743150407421952,771,242
317,671744970634719232,1409,833
318,671763349865160704,1766,987
319,671768281401958400,1253,564
320,671789708968640512,7445,3766
321,671855973984772097,963,496
322,671866342182637568,1177,541
323,671874878652489728,1311,596
324,671879137494245376,1486,740
325,671882082306625538,3644,1481
326,671891728106971137,1397,605
327,671896809300709376,8903,4459
328,672068090318987265,1370,555
329,672082170312290304,987,395
330,672095186491711488,1044,393
331,672125275208069120,2531,1236
332,672139350159835138,1844,786
333,672160042234327040,909,391
334,672169685991993344,1061,400
335,672205392827572224,2383,1251
336,672222792075620352,820,229
337,672231046314901505,1932,1083
338,672239279297454080,939,343
339,672245253877968896,718,167
340,672248013293752320,1811,650
341,672254177670729728,1497,791
342,672256522047614977,2968,1683
343,672264251789176834,1195,374
344,672267570918129665,1576,659
345,672272411274932228,6804,3637
346,672466075045466113,1423,587
347,672475084225949696,1517,760
348,672481316919734272,741,131
349,672482722825261057,1196,654
350,672488522314567680,1172,477
351,672523490734551040,681,188
352,672538107540070400,1074,400
353,672591271085670400,768,203
354,672591762242805761,994,362
355,672594978741354496,1387,650
356,672604026190569472,1168,437
357,672609152938721280,1167,418
358,672614745925664768,1282,638
359,672622327801233409,1358,534
360,672640509974827008,1019,346
361,672828477930868736,1324,524
362,672834301050937345,1381,618
363,672877615439593473,1078,399
364,672884426393653248,1636,893
365,672898206762672129,930,456
366,672902681409806336,1430,542
367,672964561327235073,1498,691
368,672968025906282496,1385,593
369,672970152493887488,1007,384
370,672975131468300288,1785,1003
371,672980819271634944,1901,1067
372,672984142909456390,1315,586
373,672988786805112832,1024,311
374,672995267319328768,1005,324
375,672997845381865473,2065,779
376,673148804208660480,1799,685
377,673213039743795200,2379,920
378,673240798075449344,1492,786
379,673270968295534593,1114,397
380,673295268553605120,7946,3435
381,673317986296586240,912,288
382,673320132811366400,14294,8584
383,673342308415348736,1338,640
384,673343217010679808,1021,287
385,673345638550134785,2668,1399
386,673350198937153538,768,226
387,673352124999274496,1734,589
388,673355879178194945,1577,647
389,673359818736984064,1534,723
390,673363615379013632,1075,335
391,673576835670777856,1457,607
392,673580926094458881,867,291
393,673583129559498752,1252,399
394,673612854080196609,1672,790
395,673636718965334016,1181,399
396,673656262056419329,753,263
397,673662677122719744,1312,391
398,673680198160809984,1440,515
399,673686845050527744,1525,472
400,673688752737402881,1310,529
401,673689733134946305,1835,699
402,673697980713705472,4011,2131
403,673700254269775872,1513,624
404,673705679337693185,1321,434
405,673707060090052608,1162,427
406,673708611235921920,1127,314
407,673709992831262724,890,303
408,673711475735838725,1099,323
409,673715861853720576,3759,2273
410,673887867907739649,982,272
411,673906403526995968,3362,1781
412,673919437611909120,1234,392
413,673956914389192708,2071,1052
414,674008982932058114,1272,385
415,674014384960745472,1657,706
416,674019345211760640,1195,334
417,674024893172875264,1892,1341
418,674036086168010753,891,237
419,674038233588723717,1157,447
420,674042553264685056,762,140
421,674045139690631169,1497,701
422,674051556661161984,1540,524
423,674053186244734976,3525,1418
424,674063288070742018,6688,2413
425,674075285688614912,1033,312
426,674082852460433408,790,182
427,674255168825880576,1551,611
428,674262580978937856,1365,494
429,674265582246694913,1733,922
430,674269164442398721,945,250
431,674271431610523648,1664,792
432,674291837063053312,15645,6443
433,674318007229923329,1488,564
434,674372068062928900,904,338
435,674394782723014656,1587,623
436,674410619106390016,1269,513
437,674416750885273600,721,154
438,674422304705744896,1512,582
439,674436901579923456,1180,423
440,674447403907457024,1124,389
441,674468880899788800,6586,2242
442,674632714662858753,1591,625
443,674638615994089473,1777,642
444,674644256330530816,1087,301
445,674646392044941312,1507,551
446,674664755118911488,977,274
447,674670581682434048,1714,711
448,674690135443775488,1218,505
449,674737130913071104,678,101
450,674739953134403584,1180,429
451,674743008475090944,1485,600
452,674752233200820224,1563,509
453,674754018082705410,1446,485
454,674764817387900928,837,260
455,674767892831932416,1950,871
456,674774481756377088,1193,525
457,674781762103414784,2126,1322
458,674788554665512960,855,227
459,674790488185167872,1166,275
460,674793399141146624,2664,1210
461,674800520222154752,3188,938
462,674805413498527744,921,388
463,674999807681908736,2399,1220
464,675003128568291329,1646,511
465,675006312288268288,1032,248
466,675015141583413248,2876,1315
467,675047298674663426,1128,358
468,675109292475830276,2961,1242
469,675111688094527488,1021,277
470,675113801096802304,2090,865
471,675135153782571009,1374,536
472,675145476954566656,2273,990
473,675146535592706048,1275,343
474,675147105808306176,1009,268
475,675149409102012420,3989,1855
476,675153376133427200,6009,2702
477,675166823650848770,3855,1767
478,675334060156301312,2968,1412
479,675349384339542016,4199,2498
480,675354435921575936,34885,18769
481,675362609739206656,1120,255
482,675372240448454658,1817,555
483,675432746517426176,1608,621
484,675483430902214656,1967,1063
485,675489971617296384,1379,660
486,675497103322386432,3350,1428
487,675501075957489664,18308,6402
488,675517828909424640,1395,501
489,675522403582218240,1107,309
490,675531475945709568,1253,424
491,675534494439489536,1923,465
492,675706639471788032,685,104
493,675707330206547968,2128,762
494,675710890956750848,2018,915
495,675740360753160193,1238,382
496,675781562965868544,1724,526
497,675798442703122432,10972,3734
498,675820929667219457,1121,255
499,675822767435051008,1629,585
500,675845657354215424,2442,986
501,675853064436391936,2887,1439
502,675870721063669760,1756,626
503,675878199931371520,4471,1552
504,675888385639251968,2548,1056
505,675891555769696257,2271,963
506,675898130735476737,1750,643
507,676089483918516224,1411,475
508,676098748976615425,3229,1591
509,676101918813499392,3002,1271
510,676146341966438401,2056,733
511,676191832485810177,2446,1132
512,676215927814406144,1855,651
513,676219687039057920,76719,33624
514,676237365392908289,1310,331
515,676263575653122048,2218,602
516,676430933382295552,1499,383
517,676440007570247681,1841,737
518,676470639084101634,12489,5156
519,676496375194980353,1615,593
520,676533798876651520,2007,612
521,676575501977128964,2772,1247
522,676582956622721024,1294,309
523,676588346097852417,2500,886
524,676603393314578432,1257,434
525,676606785097199616,2019,486
526,676613908052996102,1162,215
527,676617503762681856,3098,1093
528,676776431406465024,5339,2219
529,676811746707918848,1513,466
530,676819651066732545,1935,733
531,676821958043033607,24824,17342
532,676864501615042560,2253,793
533,676897532954456065,2403,807
534,676936541936185344,13657,5441
535,676942428000112642,2233,850
536,676946864479084545,1826,420
537,676948236477857792,2326,968
538,676949632774234114,1390,443
539,676957860086095872,2367,899
540,676975532580409345,2977,1187
541,677187300187611136,2941,1022
542,677228873407442944,3799,1814
543,677269281705472000,2130,782
544,677301033169788928,1345,461
545,677314812125323265,1772,604
546,677328882937298944,3901,1672
547,677331501395156992,1171,263
548,677334615166730240,1461,325
549,677530072887205888,1145,247
550,677547928504967168,7470,4021
551,677557565589463040,2639,1302
552,677565715327688705,1387,509
553,677573743309385728,2295,814
554,677644091929329666,2016,879
555,677662372920729601,2104,1087
556,677673981332312066,3592,1666
557,677687604918272002,2651,938
558,677698403548192770,1317,359
559,677700003327029250,3651,1602
560,677716515794329600,3285,1088
561,677895101218201600,5213,2357
562,677918531514703872,1458,455
563,678021115718029313,14844,7067
564,678255464182861824,1705,414
565,678278586130948096,12401,6759
566,678334497360859136,1403,299
567,678341075375947776,1873,600
568,678380236862578688,2622,1003
569,678389028614488064,2013,466
570,678396796259975168,1715,467
571,678399652199309312,61772,30519
572,678410210315247616,4588,2045
573,678424312106393600,5856,2847
574,678446151570427904,4312,1762
575,678643457146150913,2222,482
576,678675843183484930,3107,1667
577,678740035362037760,4055,1906
578,678755239630127104,7714,3698
579,678764513869611008,1759,535
580,678767140346941444,3822,1535
581,678774928607469569,3003,1028
582,678798276842360832,3762,1334
583,678800283649069056,2779,1004
584,678969228704284672,1777,521
585,678991772295516161,2518,1322
586,679047485189439488,2439,770
587,679062614270468097,18526,9181
588,679111216690831360,6449,2854
589,679132435750195208,3218,1297
590,679148763231985668,2996,1148
591,679158373988876288,23318,9062
592,679462823135686656,34486,21033
593,679475951516934144,2277,715
594,679503373272485890,3443,1658
595,679511351870550016,3659,1440
596,679527802031484928,2860,813
597,679530280114372609,5158,2315
598,679722016581222400,1791,532
599,679729593985699840,2341,925
600,679736210798047232,2274,905
601,679777920601223168,3349,1261
602,679828447187857408,39311,15629
603,679844490799091713,2567,874
604,679854723806179328,3113,1381
605,679862121895714818,2654,695
606,679877062409191424,2132,718
607,680055455951884288,18086,7962
608,680070545539371008,2785,977
609,680085611152338944,13833,9910
610,680100725817409536,3842,1532
611,680115823365742593,2937,1019
612,680130881361686529,2490,1064
613,680145970311643136,3911,1954
614,680161097740095489,2505,819
615,680176173301628928,4224,1744
616,680191257256136705,2322,569
617,680206703334408192,3077,1307
618,680221482581123072,1577,325
619,680440374763077632,1567,556
620,680473011644985345,2750,835
621,680494726643068929,1859,538
622,680497766108381184,4594,2140
623,680583894916304897,3906,1499
624,680609293079592961,2860,804
625,680798457301471234,3093,1170
626,680801747103793152,2567,916
627,680836378243002368,3731,1495
628,680889648562991104,1917,412
629,680913438424612864,2587,697
630,680934982542561280,2246,491
631,680940246314430465,3496,1201
632,680959110691590145,4940,2228
633,680970795137544192,2631,739
634,681193455364796417,4025,1668
635,681231109724700672,2592,536
636,681242418453299201,1621,614
637,681261549936340994,1575,306
638,681281657291280384,3483,1239
639,681297372102656000,3452,1075
640,681302363064414209,4292,2048
641,681320187870711809,2890,852
642,681339448655802368,10085,4545
643,681523177663676416,15558,6528
644,681579835668455424,3847,1467
645,681610798867845120,2078,527
646,681654059175129088,2865,1033
647,681679526984871937,1901,496
648,681694085539872773,13856,4521
649,681891461017812993,2672,941
650,681981167097122816,3008,1148
651,682003177596559360,3414,1708
652,682032003584274432,7140,2264
653,682047327939461121,3486,1079
654,682059653698686977,5381,1898
655,682242692827447297,3528,1332
656,682259524040966145,4526,1366
657,682303737705140231,3349,1119
658,682389078323662849,1806,516
659,682393905736888321,2408,766
660,682406705142087680,8224,1988
661,682429480204398592,3721,1298
662,682638830361513985,2233,671
663,682662431982772225,3298,1197
664,682697186228989953,1421,397
665,682750546109968385,1648,487
666,682788441537560576,2674,1248
667,682962037429899265,40228,18761
668,683030066213818368,2343,816
669,683078886620553216,2151,628
670,683098815881154561,2336,728
671,683111407806746624,3690,1022
672,683142553609318400,3119,1160
673,683357973142474752,3191,1052
674,683391852557561860,8254,2667
675,683449695444799489,4228,1805
676,683462770029932544,2652,754
677,683481228088049664,2846,1106
678,683498322573824003,3428,1079
679,683742671509258241,7084,3729
680,683773439333797890,3636,1516
681,683828599284170753,3018,1177
682,683834909291606017,2850,1249
683,683849932751646720,2852,1102
684,683852578183077888,2089,394
685,683857920510050305,4118,1249
686,684097758874210310,4460,1607
687,684122891630342144,2153,534
688,684177701129875456,2189,755
689,684188786104872960,3782,1325
690,684195085588783105,2079,589
691,684200372118904832,2361,1153
692,684222868335505415,4177,1544
693,684225744407494656,1350,237
694,684241637099323392,8886,3685
695,684460069371654144,2148,620
696,684481074559381504,4200,1307
697,684538444857667585,2889,1075
698,684567543613382656,3277,1395
699,684594889858887680,9743,3969
700,684800227459624960,2945,1107
701,684880619965411328,2275,925
702,684902183876321280,2027,601
703,684914660081053696,3798,1639
704,684926975086034944,3808,543
705,684940049151070208,3484,1171
706,684959798585110529,7231,3512
707,685169283572338688,4449,1600
708,685198997565345792,2526,754
709,685268753634967552,3377,1351
710,685307451701334016,2240,491
711,685315239903100929,3629,1218
712,685321586178670592,2881,727
713,685325112850124800,10337,4475
714,685532292383666176,3301,1287
715,685547936038666240,35776,17525
716,685641971164143616,3182,870
717,685663452032069632,3523,1636
718,685667379192414208,2542,652
719,685906723014619143,8182,3256
720,685943807276412928,1779,686
721,685973236358713344,2297,605
722,686003207160610816,1982,721
723,686007916130873345,2684,469
724,686034024800862208,3382,1312
725,686050296934563840,2393,831
726,686358356425093120,2379,767
727,686377065986265092,2406,633
728,686386521809772549,3518,986
729,686606069955735556,2047,603
730,686618349602762752,3997,1525
731,686683045143953408,3038,898
732,686730991906516992,4506,1338
733,686749460672679938,3769,1644
734,686947101016735744,9336,3544
735,687096057537363968,2431,687
736,687102708889812993,2541,1106
737,687109925361856513,6308,2772
738,687124485711986689,2347,567
739,687127927494963200,5945,2553
740,687312378585812992,4722,2127
741,687317306314240000,21844,10263
742,687460506001633280,2212,608
743,687476254459715584,2156,611
744,687480748861947905,1739,279
745,687494652870668288,2084,648
746,687664829264453632,2100,570
747,687704180304273409,2637,943
748,687807801670897665,2598,791
749,687818504314159109,2728,1068
750,687826841265172480,2959,1269
751,688064179421470721,1863,403
752,688116655151435777,3060,879
753,688179443353796608,2303,663
754,688211956440801280,2406,934
755,688385280030670848,10096,4969
756,688519176466644993,2496,814
757,688547210804498433,2824,780
758,688789766343622656,2395,738
759,688804835492233216,1033,223
760,688828561667567616,1486,418
761,688894073864884227,2424,786
762,688898160958271489,2280,881
763,688908934925697024,2284,865
764,688916208532455424,2962,972
765,689143371370250240,2202,577
766,689154315265683456,3319,1116
767,689275259254616065,1257,281
768,689280876073582592,2176,807
769,689283819090870273,3578,1235
770,689289219123089408,2444,1044
771,689517482558820352,3688,1598
772,689557536375177216,2239,514
773,689599056876867584,12646,6177
774,689623661272240129,2432,736
775,689659372465688576,11276,4352
776,689661964914655233,3464,1034
777,689835978131935233,2342,842
778,689877686181715968,3272,1326
779,689905486972461056,2628,777
780,689977555533848577,1480,495
781,689999384604450816,1545,418
782,690005060500217858,3973,1881
783,690015576308211712,2711,821
784,690021994562220032,3029,1163
785,690248561355657216,1820,466
786,690360449368465409,2894,999
787,690374419777196032,3522,967
788,690400367696297985,2022,505
789,690597161306841088,2135,675
790,690649993829576704,1416,317
791,690690673629138944,2511,889
792,690728923253055490,2352,589
793,690735892932222976,4088,1431
794,690932576555528194,3566,1134
795,690938899477221376,4491,2224
796,690959652130045952,3874,1406
797,691090071332753408,1846,382
798,691096613310316544,3216,1009
799,691321916024623104,2797,739
800,691416866452082688,21034,8564
801,691444869282295808,2862,945
802,691459709405118465,4404,1286
803,691483041324204033,2574,648
804,691675652215414786,2092,570
805,691756958957883396,3142,1149
806,691820333922455552,4271,1837
807,692017291282812928,3108,1071
808,692142790915014657,1774,435
809,692158366030913536,2336,893
810,692187005137076224,2732,915
811,692417313023332352,10162,3869
812,692530551048294401,1999,469
813,692535307825213440,3468,1512
814,692568918515392513,4693,1720
815,692752401762250755,7413,4072
816,692828166163931137,3115,987
817,692894228850999298,2483,901
818,692901601640583168,1945,677
819,692905862751522816,2646,987
820,692919143163629568,2892,829
821,693095443459342336,2028,517
822,693109034023534592,1866,688
823,693155686491000832,8562,3582
824,693231807727280129,3091,827
825,693262851218264065,2423,562
826,693280720173801472,3636,1390
827,693486665285931008,1916,688
828,693590843962331137,5507,2203
829,693622659251335168,1673,416
830,693629975228977152,2659,887
831,693642232151285760,2757,465
832,693647888581312512,2931,666
833,693942351086120961,1872,411
834,694001791655137281,3669,1164
835,694183373896572928,3198,1033
836,694206574471057408,4540,2275
837,694329668942569472,2178,559
838,694352839993344000,2215,693
839,694356675654983680,1632,324
840,694669722378485760,25816,13353
841,694905863685980160,3001,1044
842,695051054296211456,2889,880
843,695064344191721472,1745,674
844,695074328191332352,3079,1226
845,695095422348574720,2857,679
846,695314793360662529,3963,1650
847,695409464418041856,9342,3972
848,695446424020918272,4730,2007
849,695629776980148225,4956,2348
850,695767669421768709,2035,842
851,695794761660297217,3448,872
852,695816827381944320,3255,1309
853,696405997980676096,3491,1271
854,696488710901260288,2763,1154
855,696713835009417216,2580,742
856,696754882863349760,1593,394
857,696877980375769088,2656,793
858,696886256886657024,5242,1992
859,696894894812565505,2556,753
860,696900204696625153,3462,1147
861,697242256848379904,2720,739
862,697255105972801536,3274,1301
863,697259378236399616,3575,1119
864,697270446429966336,5061,2070
865,697463031882764288,3701,1540
866,697482927769255936,2624,758
867,697575480820686848,2222,566
868,697596423848730625,3274,1410
869,697616773278015490,3425,1130
870,697881462549430272,3272,1320
871,697943111201378304,2604,769
872,697990423684476929,3564,1438
873,697995514407682048,1644,367
874,698178924120031232,3054,818
875,698195409219559425,18207,6658
876,698262614669991936,5146,2248
877,698342080612007937,2459,1061
878,698355670425473025,2015,506
879,698549713696649216,2505,696
880,698635131305795584,1382,379
881,698703483621523456,1579,422
882,698710712454139905,2679,767
883,698907974262222848,2753,692
884,698953797952008193,2929,1005
885,698989035503689728,3675,1096
886,699036661657767936,2827,1330
887,699072405256409088,3250,1308
888,699079609774645248,2641,732
889,699088579889332224,2419,706
890,699323444782047232,3422,972
891,699370870310113280,2037,493
892,699413908797464576,2233,685
893,699423671849451520,1487,376
894,699434518667751424,2363,571
895,699446877801091073,6435,2911
896,699691744225525762,11135,5123
897,699775878809702401,2120,678
898,699779630832685056,3001,1383
899,699788877217865730,2441,549
900,699801817392291840,3307,1081
901,700002074055016451,3592,1511
902,700029284593901568,2242,650
903,700062718104104960,2856,773
904,700143752053182464,8177,3082
905,700151421916807169,2426,741
906,700167517596164096,2868,828
907,700462010979500032,4495,2012
908,700505138482569216,2463,640
909,700518061187723268,2855,900
910,700747788515020802,24856,10494
911,700796979434098688,2647,1073
912,700847567345688576,2625,555
913,700864154249383937,2803,681
914,700890391244103680,2408,645
915,701214700881756160,13313,5734
916,701545186879471618,2874,673
917,701570477911896070,3048,1045
918,701601587219795968,2261,517
919,701889187134500865,3864,1541
920,701952816642965504,4119,1133
921,701981390485725185,3712,1096
922,702217446468493312,5211,1496
923,702276748847800320,2679,849
924,702321140488925184,3568,1146
925,702539513671897089,3101,1077
926,702598099714314240,11214,3663
927,702671118226825216,2372,627
928,702684942141153280,3488,1202
929,702932127499816960,2797,809
930,703041949650034688,28673,13980
931,703079050210877440,7984,3442
932,703268521220972544,2129,615
933,703356393781329922,2059,427
934,703382836347330562,3799,1274
935,703407252292673536,2663,773
936,703425003149250560,4124,1541
937,703611486317502464,4184,1692
938,703631701117943808,2814,764
939,703769065844768768,3575,1258
940,703774238772166656,2000,518
941,704054845121142784,3171,1018
942,704113298707505153,2012,627
943,704347321748819968,1703,390
944,704364645503647744,8712,3957
945,704480331685040129,3679,1184
946,704499785726889984,3179,1113
947,704761120771465216,7192,3224
948,704819833553219584,2865,1123
949,704847917308362754,5534,1708
950,704859558691414016,2436,605
951,704871453724954624,4566,1240
952,705066031337840642,2346,676
953,705102439679201280,2325,577
954,705223444686888960,2792,890
955,705239209544720384,3243,839
956,705428427625635840,4138,1910
957,705442520700944385,4815,1837
958,705475953783398401,3202,1034
959,705591895322394625,3430,1292
960,705786532653883392,2103,589
961,705898680587526145,2568,632
962,705970349788291072,3402,999
963,705975130514706432,3356,829
964,706166467411222528,5559,1793
965,706265994973601792,2939,1020
966,706291001778950144,1837,517
967,706310011488698368,23215,8903
968,706346369204748288,3729,1029
969,706516534877929472,3361,1143
970,706538006853918722,3733,1568
971,706593038911545345,2333,708
972,706644897839910912,2788,1217
973,706681918348251136,3586,1083
974,706901761596989440,2241,672
975,707014260413456384,2483,658
976,707021089608753152,4389,1531
977,707038192327901184,2375,893
978,707059547140169728,2767,751
979,707297311098011648,2983,897
980,707315916783140866,2669,720
981,707377100785885184,3557,1199
982,707387676719185920,3798,1470
983,707411934438625280,2457,668
984,707420581654872064,2463,776
985,707610948723478529,18371,7151
986,707693576495472641,3710,1113
987,707741517457260545,2687,688
988,707776935007539200,3543,1062
989,707969809498152960,2915,1081
990,707995814724026368,3348,1257
991,708026248782585858,4725,2145
992,708109389455101952,2094,603
993,708119489313951744,2900,1091
994,708130923141795840,3659,932
995,708149363256774660,4599,1712
996,708349470027751425,2525,824
997,708356463048204288,3896,1505
998,708469915515297792,3319,914
999,708479650088034305,2736,756
1000,708711088997666817,2753,816
1001,708738143638450176,2956,904
1002,708810915978854401,17840,7744
1003,708834316713893888,1832,560
1004,708845821941387268,3199,998
1005,709042156699303936,5146,1839
1006,709158332880297985,2207,465
1007,709198395643068416,2605,710
1008,709207347839836162,13613,6490
1009,709225125749587968,2585,639
1010,709409458133323776,2825,774
1011,709449600415961088,2397,658
1012,709519240576036864,1599,272
1013,709556954897764353,3548,1191
1014,709566166965075968,3812,1353
1015,709852847387627521,3781,1322
1016,709901256215666688,726,110
1017,709918798883774466,3215,1201
1018,710117014656950272,5942,2212
1019,710140971284037632,2984,988
1020,710153181850935296,3126,994
1021,710269109699739648,2584,1242
1022,710272297844797440,4880,1404
1023,710283270106132480,2286,574
1024,710588934686908417,4914,2086
1025,710658690886586372,2494,628
1026,710833117892898816,2905,599
1027,710844581445812225,2747,770
1028,710997087345876993,4912,1548
1029,711008018775851008,3233,698
1030,711306686208872448,3560,809
1031,711363825979756544,3950,1274
1032,711652651650457602,4174,1027
1033,711694788429553666,35476,20252
1034,711732680602345472,9650,4584
1035,711743778164514816,3064,1093
1036,711968124745228288,8686,2570
1037,711998809858043904,0,138
1038,712065007010385924,2427,696
1039,712085617388212225,3487,548
1040,712092745624633345,3171,1005
1041,712097430750289920,4096,1161
1042,712438159032893441,5741,1734
1043,712668654853337088,4492,1353
1044,712717840512598017,13330,5537
1045,712809025985978368,20136,7493
1046,713175907180089344,4805,1611
1047,713177543487135744,7772,3143
1048,713411074226274305,4740,1429
1049,713761197720473600,5248,1532
1050,713900603437621249,3033,824
1051,713919462244790272,3518,861
1052,714141408463036416,4629,1550
1053,714214115368108032,2447,976
1054,714251586676113411,3527,935
1055,714258258790387713,3243,799
1056,714606013974974464,3896,1027
1057,714631576617938945,3517,1111
1058,714957620017307648,4452,1573
1059,714982300363173890,4045,1149
1060,715009755312439296,4499,1381
1061,715200624753819648,5515,2085
1062,715220193576927233,2594,730
1063,715342466308784130,3256,761
1064,715360349751484417,5888,1746
1065,715680795826982913,4668,1796
1066,715696743237730304,4208,1435
1067,715733265223708672,5036,1894
1068,715928423106027520,3447,978
1069,716080869887381504,5238,1924
1070,716285507865542656,3001,1210
1071,716439118184652801,2546,245
1072,716791146589110272,5160,1464
1073,716802964044845056,4586,1300
1074,717009362452090881,3533,1088
1075,717047459982213120,6761,2115
1076,717421804990701568,3406,934
1077,717537687239008257,6215,2044
1078,717790033953034240,3131,1256
1079,717841801130979328,2636,661
1080,718234618122661888,4171,1112
1081,718246886998687744,2083,560
1082,718454725339934721,5254,1670
1083,718460005985447936,2906,598
1084,718540630683709445,2690,1123
1085,718613305783398402,2638,533
1086,718631497683582976,20475,8975
1087,718939241951195136,5655,1947
1088,718971898235854848,3767,1216
1089,719332531645071360,3675,1060
1090,719339463458033665,4757,1382
1091,719367763014393856,2993,817
1092,719551379208073216,5453,2154
1093,719704490224398336,4918,1615
1094,719991154352222208,5220,1946
1095,720043174954147842,5279,2222
1096,720059472081784833,4190,1255
1097,720340705894408192,3087,1082
1098,720389942216527872,6907,2798
1099,720415127506415616,4454,1653
1100,720775346191278080,2674,749
1101,720785406564900865,3362,853
1102,721001180231503872,2718,682
1103,721503162398597120,5037,2097
1104,722613351520608256,5342,1813
1105,722974582966214656,4437,1736
1106,723179728551723008,5705,2080
1107,723673163800948736,3257,994
1108,723688335806480385,8354,3300
1109,723912936180330496,4195,1359
1110,724004602748780546,4511,1761
1111,724046343203856385,2871,613
1112,724049859469295616,4680,1963
1113,724405726123311104,5728,1823
1114,724771698126512129,2559,712
1115,724983749226668032,3996,1442
1116,725729321944506368,5592,1979
1117,725786712245440512,4480,1507
1118,725842289046749185,7613,2939
1119,726224900189511680,4755,1287
1120,726828223124897792,3832,1116
1121,726887082820554753,4145,1665
1122,726935089318363137,7431,2712
1123,727175381690781696,4169,1524
1124,727286334147182592,3283,912
1125,727314416056803329,3587,827
1126,727524757080539137,4832,1363
1127,727644517743104000,6366,1934
1128,727685679342333952,3165,706
1129,728015554473250816,4430,1210
1130,728035342121635841,4908,1852
1131,728046963732717569,4663,1306
1132,728387165835677696,3956,1064
1133,728409960103686147,5316,2239
1134,728653952833728512,3581,1160
1135,728751179681943552,3010,751
1136,728760639972315136,5035,1888
1137,728986383096946689,3419,901
1138,729113531270991872,2034,365
1139,729463711119904772,6274,2557
1140,729823566028484608,4311,1376
1141,729838605770891264,1840,425
1142,729854734790754305,4352,1243
1143,730196704625098752,5287,2144
1144,730211855403241472,4127,1170
1145,730427201120833536,3762,1162
1146,730573383004487680,5337,2405
1147,730924654643314689,6616,2208
1148,731156023742988288,4142,1415
1149,731285275100512256,3764,1083
1150,732005617171337216,16163,6073
1151,732375214819057664,8744,2798
1152,732585889486888962,3980,855
1153,732726085725589504,3814,989
1154,732732193018155009,2645,595
1155,733109485275860992,44167,17374
1156,733460102733135873,4553,1430
1157,733482008106668032,3401,1055
1158,733822306246479872,3977,1131
1159,733828123016450049,3883,866
1160,734776360183431168,2708,606
1161,734787690684657664,13589,7024
1162,734912297295085568,2955,571
1163,735137028879360001,3385,1081
1164,735256018284875776,3639,978
1165,735274964362878976,9499,4651
1166,735635087207878657,6703,2628
1167,735648611367784448,4346,1224
1168,735991953473572864,3896,1274
1169,736010884653420544,8565,3310
1170,736225175608430592,8792,3077
1171,736365877722001409,4331,1393
1172,736736130620620800,4680,1948
1173,737310737551491075,15882,8255
1174,737322739594330112,3909,895
1175,737445876994609152,11178,4988
1176,737678689543020544,5463,1497
1177,737800304142471168,10837,3857
1178,737826014890496000,5698,1981
1179,738156290900254721,2741,740
1180,738166403467907072,9528,3799
1181,738184450748633089,4674,1345
1182,738402415918125056,3551,944
1183,738537504001953792,5515,1744
1184,738883359779196928,3629,906
1185,738885046782832640,4084,1268
1186,739238157791694849,74329,51723
1187,739485634323156992,7799,3273
1188,739544079319588864,43221,24001
1189,739606147276148736,5850,1852
1190,739844404073074688,4099,949
1191,739932936087216128,4397,1202
1192,739979191639244800,21656,6617
1193,740214038584557568,7243,2190
1194,740359016048689152,3579,953
1195,740365076218183684,2689,486
1196,740373189193256964,37596,14877
1197,740676976021798912,19672,7608
1198,740699697422163968,3073,875
1199,740711788199743490,3695,1049
1200,740995100998766593,6941,3110
1201,741067306818797568,10232,3462
1202,741303864243200000,9530,3604
1203,741438259667034112,3983,930
1204,741743634094141440,8863,3102
1205,741793263812808706,4930,1683
1206,742150209887731712,5591,1752
1207,742161199639494656,4703,1529
1208,742385895052087300,7382,2233
1209,742423170473463808,10696,4270
1210,742465774154047488,7859,4330
1211,742528092657332225,4831,2218
1212,743210557239623680,4167,1531
1213,743222593470234624,6717,2135
1214,743253157753532416,4570,1348
1215,743510151680958465,8568,4131
1216,743545585370791937,3828,1052
1217,743595368194129920,20062,7337
1218,743609206067040256,4863,1538
1219,743895849529389061,3952,1071
1220,743980027717509120,4507,1220
1221,744234799360020481,129827,78586
1222,744334592493166593,7352,2388
1223,744709971296780288,6076,1742
1224,744971049620602880,8558,3005
1225,744995568523612160,3245,705
1226,745057283344719872,7854,2557
1227,745314880350101504,7775,3092
1228,745422732645535745,9318,2740
1229,745433870967832576,7730,2849
1230,745712589599014916,7577,2609
1231,745789745784041472,4384,1198
1232,746056683365994496,3857,922
1233,746131877086527488,7492,2468
1234,746369468511756288,6570,1836
1235,746507379341139972,5039,1215
1236,746726898085036033,6572,2019
1237,746790600704425984,5294,1792
1238,746818907684614144,5750,1925
1239,746872823977771008,6511,2404
1240,746906459439529985,3136,332
1241,747103485104099331,10444,4498
1242,747204161125646336,3684,1027
1243,747219827526344708,5726,1769
1244,747461612269887489,4214,1164
1245,747512671126323200,6048,1779
1246,747594051852075008,4020,1190
1247,747600769478692864,2524,612
1248,747816857231626240,5288,1303
1249,747844099428986880,3053,837
1250,747885874273214464,3210,1106
1251,747933425676525569,7224,2862
1252,747963614829678593,6314,2420
1253,748307329658011649,3993,802
1254,748324050481647620,4036,862
1255,748346686624440324,5676,1391
1256,748568946752774144,2386,763
1257,748575535303884801,6624,2239
1258,748692773788876800,4606,1491
1259,748699167502000129,5173,1798
1260,748705597323898880,3012,1057
1261,748932637671223296,6387,2531
1262,748977405889503236,11136,3721
1263,749036806121881602,3389,886
1264,749064354620928000,5230,1698
1265,749317047558017024,6004,2482
1266,749395845976588288,9386,3904
1267,749403093750648834,2863,612
1268,749417653287129088,6648,1880
1269,749774190421639168,5068,1483
1270,749981277374128128,5570,2754
1271,749996283729883136,3307,907
1272,750011400160841729,3538,1021
1273,750026558547456000,2958,882
1274,750041628174217216,3465,695
1275,750056684286914561,3408,999
1276,750071704093859840,8572,3744
1277,750086836815486976,2362,611
1278,750101899009982464,3318,947
1279,750117059602808832,4702,1449
1280,750132105863102464,3953,1421
1281,750147208377409536,3376,1086
1282,750383411068534784,4958,1288
1283,750429297815552001,14408,4874
1284,750506206503038976,4871,1294
1285,750719632563142656,14475,5666
1286,750868782890057730,5248,1573
1287,751132876104687617,5568,1463
1288,751205363882532864,6883,2057
1289,751251247299190784,13648,6591
1290,751456908746354688,3486,1116
1291,751538714308972544,5492,1429
1292,751583847268179968,4810,1250
1293,751598357617971201,8608,3402
1294,751830394383790080,6348,2197
1295,751937170840121344,5713,1507
1296,752173152931807232,6509,2087
1297,752309394570878976,0,18769
1298,752334515931054080,4191,1249
1299,752519690950500352,8071,3872
1300,752660715232722944,4825,1772
1301,752682090207055872,6577,1814
1302,752917284578922496,7501,1765
1303,753026973505581056,4240,1100
1304,753294487569522689,3727,1171
1305,753375668877008896,8313,2623
1306,753398408988139520,6330,2159
1307,753420520834629632,8640,4018
1308,753655901052166144,6395,2458
1309,754011816964026368,9614,4049
1310,754120377874386944,8579,2640
1311,754449512966619136,4108,830
1312,754482103782404096,5802,2193
1313,754747087846248448,2818,588
1314,754856583969079297,7529,2846
1315,754874841593970688,0,9062
1316,755110668769038337,23215,12468
1317,755206590534418437,18018,6067
1318,755955933503782912,8012,3250
1319,756275833623502848,7050,1723
1320,756288534030475264,28198,14844
1321,756303284449767430,4330,1218
1322,756526248105566208,11386,4109
1323,756651752796094464,5552,1493
1324,756939218950160384,7267,2269
1325,756998049151549440,6863,2241
1326,757354760399941633,4947,1607
1327,757393109802180609,6391,1978
1328,757400162377592832,16597,7664
1329,757596066325864448,4761,1197
1330,757597904299253760,0,329
1331,757611664640446465,4979,1257
1332,757725642876129280,4970,1371
1333,757729163776290825,0,9181
1334,757741869644341248,7540,3661
1335,758041019896193024,2972,429
1336,758355060040593408,3760,1229
1337,758405701903519748,5700,2177
1338,758467244762497024,5266,2500
1339,758474966123810816,4178,1117
1340,758740312047005698,6285,1809
1341,758828659922702336,12259,4326
1342,758854675097526272,3875,1012
1343,759047813560868866,7156,2269
1344,759099523532779520,15919,4745
1345,759159934323924993,0,1335
1346,759197388317847553,6654,2197
1347,759447681597108224,9332,2778
1348,759557299618865152,5153,1326
1349,759566828574212096,0,24001
1350,759793422261743616,6545,2150
1351,759846353224826880,7360,2242
1352,759923798737051648,16115,6424
1353,760190180481531904,6258,2049
1354,760252756032651264,4305,983
1355,760290219849637889,29343,12967
1356,760539183865880579,8310,4101
1357,760641137271070720,5419,1458
1358,760656994973933572,7260,2178
1359,760893934457552897,4191,1095
1360,761004547850530816,12360,3904
1361,761227390836215808,5851,1755
1362,761292947749015552,4915,1246
1363,761334018830917632,5722,1644
1364,761371037149827077,0,20252
1365,761599872357261312,4528,1321
1366,761672994376806400,54382,32932
1367,761745352076779520,4662,970
1368,761750502866649088,0,4475
1369,761976711479193600,5932,2285
1370,762035686371364864,35058,17693
1371,762316489655476224,5305,1277
1372,762464539388485633,11384,4781
1373,762471784394268675,12442,7462
1374,762699858130116608,13391,4136
1375,763103485927849985,8064,2568
1376,763183847194451968,5947,1677
1377,763837565564780549,13886,4771
1378,764259802650378240,6650,1720
1379,764857477905154048,7029,1999
1380,765222098633691136,12764,3846
1381,765371061932261376,7766,2442
1382,765395769549590528,20360,3096
1383,765669560888528897,5698,1389
1384,765719909049503744,7934,2443
1385,766008592277377025,4102,564
1386,766069199026450432,4712,994
1387,766078092750233600,0,2939
1388,766313316352462849,7428,2139
1389,766423258543644672,6611,1801
1390,766693177336135680,4438,903
1391,766793450729734144,5587,1546
1392,767122157629476866,11117,3221
1393,767191397493538821,13486,4332
1394,767500508068192258,8207,2651
1395,767754930266464257,17612,6122
1396,767884188863397888,5242,1603
1397,768193404517830656,12007,4018
1398,768473857036525572,14950,3895
1399,768596291618299904,5535,1450
1400,768609597686943744,4536,1368
1401,768855141948723200,4609,1020
1402,768970937022709760,15866,7435
1403,769212283578875904,5922,1941
1404,769695466921623552,7037,1897
1405,769940425801170949,34612,10972
1406,770069151037685760,8299,2610
1407,770093767776997377,0,3462
1408,770293558247038976,6850,1688
1409,770414278348247044,6915,2347
1410,770655142660169732,8046,1980
1411,770772759874076672,5701,1598
1412,770787852854652928,5444,1391
1413,771004394259247104,0,250
1414,771014301343748096,6958,1753
1415,771102124360998913,6833,1630
1416,771136648247640064,10113,3309
1417,771171053431250945,0,8584
1418,771380798096281600,11615,5818
1419,771500966810099713,9084,2969
1420,771770456517009408,13224,3866
1421,772102971039580160,4402,1051
1422,772114945936949249,2978,540
1423,772117678702071809,4121,832
1424,772152991789019136,4139,1281
1425,772193107915964416,6593,1576
1426,772581559778025472,7128,1940
1427,772615324260794368,0,3846
1428,772826264096874500,8773,2640
1429,772877495989305348,9457,4433
1430,773191612633579521,11000,4670
1431,773247561583001600,10303,3643
1432,773308824254029826,25566,8522
1433,773547596996571136,24301,7034
1434,773670353721753600,5880,1473
1435,773704687002451968,7243,1853
1436,773922284943896577,7038,1965
1437,773985732834758656,11804,4419
1438,774314403806253056,23955,6372
1439,774639387460112384,7415,1981
1440,774757898236878852,9386,2003
1441,775085132600442880,17125,5399
1442,775364825476165632,8208,3410
1443,775729183532220416,14228,5233
1444,775733305207554048,15268,4561
1445,775842724423557120,12908,3058
1446,775898661951791106,0,17374
1447,776088319444877312,2020,175
1448,776113305656188928,12962,4974
1449,776201521193218049,10572,2868
1450,776218204058357768,33013,18205
1451,776477788987613185,9786,3203
1452,776813020089548800,5384,1382
1453,776819012571455488,0,15629
1454,777189768882946048,15764,4934
1455,777621514455814149,9652,2846
1456,777641927919427584,0,4874
1457,777684233540206592,12385,3353
1458,777885040357281792,7003,1866
1459,778027034220126208,7238,1851
1460,778039087836069888,9348,3010
1461,778286810187399168,11456,3775
1462,778383385161035776,6463,1257
1463,778396591732486144,0,13980
1464,778408200802557953,15022,4955
1465,778624900596654080,5133,1152
1466,778650543019483137,6380,1702
1467,778748913645780993,7622,1530
1468,778990705243029504,22122,8318
1469,779056095788752897,16344,5157
1470,779123168116150273,13049,4160
1471,779377524342161408,9738,3550
1472,779834332596887552,21028,8086
1473,780192070812196864,9618,2550
1474,780459368902959104,5827,1211
1475,780476555013349377,0,135
1476,780496263422808064,0,4270
1477,780543529827336192,6968,1990
1478,780601303617732608,13371,3783
1479,780800785462489090,6086,1478
1480,780858289093574656,7948,2283
1481,780931614150983680,23931,8411
1482,781163403222056960,10788,3111
1483,781251288990355457,9340,2405
1484,781524693396357120,22943,6322
1485,781661882474196992,11522,3091
1486,781955203444699136,12258,3851
1487,782021823840026624,0,7151
1488,782305867769217024,18436,6365
1489,782598640137187329,8615,2154
1490,782722598790725632,19078,6152
1491,782747134529531904,8238,1581
1492,782969140009107456,26695,8403
1493,783085703974514689,9004,2525
1494,783334639985389568,32326,13398
1495,783347506784731136,0,6443
1496,783391753726550016,18699,6331
1497,783466772167098368,9384,2573
1498,783695101801398276,11544,3679
1499,783821107061198850,8137,2243
1500,783839966405230592,33330,12438
1501,784431430411685888,6278,1470
1502,784517518371221505,9938,2916
1503,784826020293709826,11208,3675
1504,785170936622350336,13379,5567
1505,785264754247995392,8047,1882
1506,785533386513321988,10087,2301
1507,785639753186217984,8627,2533
1508,785872687017132033,7403,2097
1509,785927819176054784,12575,3597
1510,786036967502913536,0,8086
1511,786233965241827333,16999,5482
1512,786363235746385920,12067,4013
1513,786595970293370880,10403,3546
1514,786664955043049472,11843,2956
1515,786709082849828864,20100,6966
1516,786963064373534720,29417,9201
1517,787322443945877504,8637,2001
1518,787397959788929025,11997,3244
1519,787717603741622272,11312,3193
1520,787810552592695296,9624,3493
1521,788039637453406209,6797,1515
1522,788070120937619456,0,3904
1523,788150585577050112,6813,1491
1524,788178268662984705,8018,2450
1525,788412144018661376,16981,6042
1526,788765914992902144,30412,11849
1527,788908386943430656,30329,14232
1528,789137962068021249,10759,3200
1529,789268448748703744,10103,2971
1530,789530877013393408,13036,3883
1531,789599242079838210,7540,2234
1532,789628658055020548,8354,2041
1533,789986466051088384,10276,2664
1534,790277117346975746,13920,3691
1535,790337589677002753,8668,2141
1536,790581949425475584,22914,8214
1537,790698755171364864,9085,2175
1538,790723298204217344,0,2664
1539,790946055508652032,18408,5412
1540,790987426131050500,10982,2450
1541,791026214425268224,0,4771
1542,791312159183634433,9751,2923
1543,791406955684368384,14553,4724
1544,791672322847637504,13012,3602
1545,792050063153438720,7960,2058
1546,792394556390137856,14982,4933
1547,792773781206999040,8132,1932
1548,792883833364439040,12535,4910
1549,792913359805018113,15903,4641
1550,793120401413079041,14056,4497
1551,793135492858580992,7143,2856
1552,793150605191548928,6830,1959
1553,793165685325201412,10393,3196
1554,793180763617361921,7666,2290
1555,793195938047070209,16913,6440
1556,793210959003287553,9908,3247
1557,793226087023144960,10908,3289
1558,793241302385262592,11670,3759
1559,793256262322548741,22143,9566
1560,793271401113350145,9590,2714
1561,793286476301799424,27301,10562
1562,793500921481273345,11840,2739
1563,793601777308463104,8838,1880
1564,793614319594401792,0,3602
1565,793845145112371200,10210,2158
1566,793962221541933056,18695,5619
1567,794205286408003585,10204,3825
1568,794332329137291264,10595,3043
1569,794355576146903043,0,11849
1570,794926597468000259,11396,2659
1571,794983741416415232,0,3883
1572,795076730285391872,17976,6214
1573,795400264262053889,11194,3280
1574,795464331001561088,55186,27344
1575,796031486298386433,11954,4242
1576,796080075804475393,9370,2653
1577,796116448414461957,10058,2773
1578,796149749086875649,35864,16406
1579,796177847564038144,0,16406
1580,796387464403357696,12206,4778
1581,796484825502875648,8405,2018
1582,796759840936919040,13155,3516
1583,796865951799083009,8486,2171
1584,797236660651966464,22136,7611
1585,797545162159308800,16072,5565
1586,797971864723324932,12898,3604
1587,798209839306514432,11449,2923
1588,798340744599797760,0,3866
1589,798628517273620480,0,2247
1590,798644042770751489,0,2122
1591,798665375516884993,0,4459
1592,798673117451325440,0,6402
1593,798694562394996736,0,5734
1594,798697898615730177,0,7493
1595,798925684722855936,8207,1646
1596,798933969379225600,14585,5142
1597,799063482566066176,8964,2824
1598,799297110730567681,10968,3186
1599,799422933579902976,8888,2186
1600,799757965289017345,9303,2473
1601,799774291445383169,0,5399
1602,800018252395122689,31465,15116
1603,800141422401830912,16938,2941
1604,800388270626521089,12335,3215
1605,800443802682937345,0,4974
1606,800459316964663297,10438,2453
1607,800513324630806528,14544,3445
1608,800751577355128832,11604,3178
1609,801115127852503040,8924,2392
1610,801167903437357056,27139,6862
1611,801285448605831168,6728,949
1612,801538201127157760,9062,2357
1613,801958328846974976,8526,1961
1614,802239329049477120,10019,2996
1615,802265048156610565,6973,1552
1616,802323869084381190,17959,6712
1617,802572683846291456,9876,2881
1618,802624713319034886,0,3353
1619,802952499103731712,9997,2301
1620,803276597545603072,11098,2830
1621,803380650405482500,8542,2136
1622,803638050916102144,12151,4758
1623,803692223237865472,0,8564
1624,803773340896923648,11103,3168
1625,804026241225523202,49323,18622
1626,804413760345620481,0,3675
1627,804738756058218496,15184,4416
1628,805207613751304193,8592,1936
1629,805487436403003392,9693,2896
1630,805520635690676224,6318,1892
1631,805826884734976000,7271,2099
1632,805932879469572096,9106,2177
1633,805958939288408065,0,6152
1634,806219024703037440,7086,1374
1635,806242860592926720,0,13398
1636,806542213899489280,11264,2726
1637,806629075125202948,83208,40191
1638,807010152071229440,14387,4362
1639,807059379405148160,0,8403
1640,807106840509214720,124060,62096
1641,807621403335917568,16090,4217
1642,808001312164028416,13878,4035
1643,808106460588765185,9613,2488
1644,808134635716833280,0,6862
1645,808501579447930884,12466,2964
1646,808733504066486276,8722,2472
1647,808838249661788160,11149,3480
1648,809084759137812480,14558,4003
1649,809220051211603969,22029,6449
1650,809448704142938112,7650,1676
1651,809808892968534016,0,5619
1652,809920764300447744,17083,4458
1653,810254108431155201,16224,3842
1654,810284430598270976,39225,13168
1655,810657578271330305,12092,3021
1656,810896069567610880,9996,2064
1657,810984652412424192,5881,1631
1658,811386762094317568,23058,7326
1659,811627233043480576,14121,3594
1660,811744202451197953,8337,1847
1661,811985624773361665,8028,1626
1662,812372279581671427,15098,4203
1663,812466873996607488,8815,2196
1664,812503143955202048,6715,1406
1665,812709060537683968,7309,1645
1666,812781120811126785,8337,2178
1667,813051746834595840,23086,8382
1668,813066809284972545,8773,2241
1669,813081950185472002,10888,3176
1670,813096984823349248,11586,4151
1671,813112105746448384,11400,3174
1672,813127251579564032,13112,3598
1673,813142292504645637,9265,2687
1674,813157409116065792,8511,2526
1675,813172488309972993,10288,2201
1676,813187593374461952,21876,5009
1677,813202720496779264,10100,2064
1678,813217897535406080,20591,8337
1679,813800681631023104,9207,2025
1680,813812741911748608,40024,16031
1681,813910438903693312,10231,2159
1682,813944609378369540,0,3691
1683,814153002265309185,31689,9949
1684,814530161257443328,9547,2123
1685,814638523311648768,12412,3093
1686,814986499976527872,8403,1486
1687,815390420867969024,11365,4336
1688,815639385530101762,9073,1887
1689,815736392542261248,10839,2590
1690,815966073409433600,24815,9754
1691,815990720817401858,5496,1194
1692,816014286006976512,0,6073
1693,816091915477250048,9819,2464
1694,816336735214911488,9481,2238
1695,816450570814898180,33645,9245
1696,816697700272001025,10805,2508
1697,816816676327063552,10972,2328
1698,816829038950027264,0,5412
1699,817056546584727552,9431,1892
1700,817120970343411712,13259,2979
1701,817171292965273600,9600,2295
1702,817181837579653120,0,9754
1703,817415592588222464,6192,1114
1704,817423860136083457,37800,17222
1705,817536400337801217,12978,3468
1706,817777686764523521,11789,3050
1707,817827839487737858,57036,30931
1708,818145370475810820,13544,2972
1709,818259473185828864,12092,2590
1710,818536468981415936,12022,2840
1711,818588835076603904,0,7034
1712,818614493328580609,10855,2950
1713,818627210458333184,24365,8476
1714,819004803107983360,94635,41766
1715,819006400881917954,49490,21550
1716,819015331746349057,0,21550
1717,819015337530290176,0,41766
1718,819227688460238848,25417,7640
1719,819347104292290561,7935,1370
1720,819588359383371776,10507,2248
1721,819711362133872643,14771,3570
1722,819924195358416896,14150,5538
1723,819952236453363712,5868,1349
1724,820078625395449857,21765,7165
1725,820314633777061888,3671,643
1726,820446719150292993,0,2941
1727,820690176645140481,13407,3676
1728,820749716845686786,34662,11366
1729,821044531881721856,13889,2605
1730,821107785811234820,10541,2452
1731,821149554670182400,9604,2293
1732,821407182352777218,12951,4985
1733,821522889702862852,8785,2010
1734,821765923262631936,9239,1883
1735,821813639212650496,0,3783
1736,821886076407029760,12459,2668
1737,822244816520155136,38474,11258
1738,822462944365645825,31462,16933
1739,822489057087389700,19909,7293
1740,822610361945911296,16162,3383
1741,822647212903690241,0,7293
1742,822859134160621569,14444,2593
1743,822872901745569793,131555,47579
1744,822975315408461824,18946,3911
1745,823269594223824897,0,11258
1746,823322678127919110,17260,4581
1747,823581115634085888,14252,3009
1748,823699002998870016,13717,2741
1749,823939628516474880,11641,3081
1750,824297048279236611,16450,4408
1751,824325613288833024,12868,11718
1752,824663926340194305,11010,1971
1753,824775126675836928,16350,4010
1754,824796380199809024,0,6214
1755,825026590719483904,6945,1463
1756,825147591692263424,20005,5186
1757,825535076884762624,55914,19428
1758,825829644528148480,13898,2824
1759,825876512159186944,11406,2124
1760,826115272272650244,17138,3560
1761,826204788643753985,5317,1065
1762,826240494070030336,14488,2938
1763,826476773533745153,20094,4770
1764,826598365270007810,11010,2676
1765,826848821049180160,39944,11702
1766,826958653328592898,23551,5690
1767,827199976799354881,11550,2544
1768,827324948884643840,17337,3459
1769,827600520311402496,8087,1070
1770,827653905312006145,16831,3393
1771,827933404142436356,21976,5918
1772,828011680017821696,11302,2422
1773,828046555563323392,12820,3225
1774,828372645993398273,13638,3308
1775,828376505180889089,8043,1202
1776,828381636999917570,13744,2513
1777,828408677031882754,8328,1459
1778,828409743546925057,6843,1293
1779,828650029636317184,10383,1524
1780,828708714936930305,39881,12718
1781,828770345708580865,27846,6667
1782,829011960981237760,57697,18399
1783,829141528400556032,26700,8406
1784,829374341691346946,37726,10563
1785,829449946868879360,11423,2303
1786,829501995190984704,34552,12039
1787,829861396166877184,13320,2218
1788,829878982036299777,0,5690
1789,830097400375152640,10695,3410
1790,830583320585068544,72750,19053
1791,830956169170665475,8656,1713
1792,831262627380748289,12947,2327
1793,831309418084069378,12709,2748
1794,831315979191906304,7038,1255
1795,831322785565769729,9961,1720
1796,831552930092285952,9791,2603
1797,831650051525054464,7807,2203
1798,831670449226514432,11367,2039
1799,831911600680497154,30058,7364
1800,831939777352105988,26098,6947
1801,832032802820481025,13747,4688
1802,832040443403784192,0,10972
1803,832215726631055365,0,10562
1804,832273440279240704,12262,2640
1805,832369877331693569,18618,3606
1806,832397543355072512,12990,2509
1807,832636094638288896,17223,3174
1808,832757312314028032,18262,4070
1809,832769181346996225,0,44
1810,832998151111966721,14423,2495
1811,833124694597443584,21922,5452
1812,833479644947025920,16096,2328
1813,833722901757046785,22401,3605
1814,833826103416520705,16591,3862
1815,833863086058651648,14515,2696
1816,834086379323871233,14162,2487
1817,834167344700198914,17040,4080
1818,834209720923721728,22352,5401
1819,834458053273591808,10410,1880
1820,834574053763584002,14853,2850
1821,834786237630337024,22761,6097
1822,834931633769889797,11719,1859
1823,835152434251116546,24321,3404
1824,835172783151792128,28271,6443
1825,835264098648616962,8416,1914
1826,835297930240217089,17716,3352
1827,835574547218894849,19255,4073
1828,836001077879255040,20703,4859
1829,836260088725786625,22959,4797
1830,836380477523124226,15891,3297
1831,836677758902222849,13636,2489
1832,836753516572119041,20803,5167
1833,836989968035819520,13751,2576
1834,837012587749474308,0,85
1835,837110210464448512,17311,2699
1836,837366284874571778,22844,5928
1837,837471256429613056,13836,2590
1838,837482249356513284,4157,491
1839,837820167694528512,36954,8810
1840,838083903487373313,19006,3528
1841,838476387338051585,24418,5412
1842,838561493054533637,11768,1487
1843,838916489579200512,0,37
1844,838921590096166913,12063,2326
1845,839239871831150596,29374,7330
1846,839290600511926273,0,158
1847,839549326359670784,29674,8692
1848,839990271299457024,14491,2563
1849,840268004936019968,20748,6405
1850,840370681858686976,17738,5088
1851,840632337062862849,9665,1948
1852,840696689258311684,13246,1103
1853,841077006473256960,24680,5913
1854,841314665196081154,17103,5245
1855,841439858740625411,13618,4105
1856,841680585030541313,27575,8629
1857,841833993020538882,0,17222
1858,842115215311396866,15066,3349
1859,842163532590374912,26340,6468
1860,842535590457499648,19434,3895
1861,842765311967449089,7248,1424
1862,842846295480000512,16302,3966
1863,843235543001513987,23089,6761
1864,843604394117681152,18132,3040
1865,843856843873095681,22962,5161
1866,844223788422217728,14614,2427
1867,844580511645339650,17667,3486
1868,844704788403113984,41586,11483
1869,844973813909606400,16204,3566
1870,844979544864018432,14594,2871
1871,845306882940190720,24996,5968
1872,845397057150107648,8169,2038
1873,845677943972139009,26893,5290
1874,845812042753855489,31383,9725
1875,846042936437604353,17118,3182
1876,846153765933735936,34022,10063
1877,846514051647705089,47901,12886
1878,846874817362120707,21463,4351
1879,847116187444137987,22896,3541
1880,847157206088847362,21366,6477
1881,847251039262605312,21801,4738
1882,847606175596138505,20014,3735
1883,847842811428974592,5874,1490
1884,847962785489326080,25052,5664
1885,847971574464610304,0,473
1886,848212111729840128,17434,3398
1887,848324959059550208,26397,5075
1888,848690551926992896,26841,4757
1889,849051919805034497,32322,7288
1890,849336543269576704,12140,2078
1891,849412302885593088,16890,3439
1892,849776966551130114,32394,8370
1893,850019790995546112,21744,5383
1894,850145622816686080,17357,4191
1895,850380195714523136,13848,2872
1896,850753642995093505,33007,10215
1897,851224888060895234,21916,6267
1898,851464819735769094,25708,7744
1899,851591660324737024,17146,3783
1900,851861385021730816,0,23
1901,851953902622658560,0,10563
1902,852189679701164033,12109,1726
1903,852226086759018497,21154,7474
1904,852311364735569921,35006,10810
1905,852553447878664193,17310,3831
1906,852672615818899456,15766,2347
1907,852912242202992640,9543,2008
1908,853299958564483072,16363,3883
1909,853639147608842240,36802,11099
1910,853760880890318849,30136,6300
1911,854010172552949760,17004,3401
1912,854120357044912130,33609,8181
1913,854365224396361728,19845,5088
1914,854482394044301312,30819,7483
1915,854732716440526848,23975,6597
1916,855459453768019968,31364,8877
1917,855851453814013952,47413,18981
1918,856282028240666624,28838,6760
1919,856526610513747968,12355,2034
1920,856543823941562368,16993,3093
1921,857029823797047296,19729,4304
1922,857263160327368704,20827,4861
1923,857393404942143489,6169,1756
1924,857746408056729600,35692,11356
1925,857989990357356544,16788,2768
1926,858107933456039936,16374,3114
1927,858471635011153920,22395,5190
1928,858843525470990336,16152,3713
1929,859074603037188101,35239,14546
1930,859196978902773760,93689,32315
1931,859607811541651456,19304,1683
1932,859851578198683649,15965,3733
1933,859924526012018688,19836,4292
1934,860184849394610176,17324,6228
1935,860276583193509888,18983,3695
1936,860524505164394496,24460,5609
1937,860563773140209665,7793,2295
1938,860924035999428608,0,873
1939,861005113778896900,17337,4055
1940,861288531465048066,17819,4430
1941,861383897657036800,37391,11370
1942,862096992088072192,77322,24777
1943,862457590147678208,21272,5289
1944,862722525377298433,17628,3748
1945,862831371563274240,19841,5380
1946,863062471531167744,8852,2631
1947,863079547188785154,9038,1180
1948,863432100342583297,24592,5585
1949,863553081350529029,15786,4424
1950,863907417377173506,21266,4380
1951,864197398364647424,31154,9465
1952,864279568663928832,15054,3227
1953,864873206498414592,33332,9239
1954,865006731092295680,28807,8092
1955,865359393868664832,27268,5279
1956,865718153858494464,26374,5913
1957,866334964761202691,54153,15295
1958,866450705531457537,105922,32461
1959,866686824827068416,19889,3675
1960,867051520902168576,33106,8304
1961,867072653475098625,0,133
1962,867421006826221569,16583,2648
1963,867774946302451713,34858,7682
1964,867900495410671616,24772,4377
1965,868552278524837888,10434,2198
1966,868622495443632128,28032,6192
1967,868880397819494401,66940,15134
1968,869227993411051520,20924,3964
1969,869596645499047938,16324,3272
1970,869702957897576449,28851,6611
1971,869772420881756160,43305,10489
1972,870063196459192321,37429,8696
1973,870308999962521604,22255,4318
1974,870374049280663552,84288,27297
1975,870656317836468226,12699,2767
1976,870804317367881728,33519,6296
1977,871032628920680449,23050,3950
1978,871515927908634625,20560,3581
1979,871762521631449091,20599,3613
1980,871879754684805121,38741,11685
1981,872122724285648897,35006,8409
1982,872261713294495745,34775,6561
1983,872486979161796608,41236,9284
1984,872620804844003328,21118,3845
1985,872820683541237760,14925,3826
1986,872967104147763200,27779,5594
1987,873213775632977920,7386,1638
1988,873580283840344065,24606,4071
1989,874012996292530176,35198,10810
1990,874057562936811520,22945,4083
1991,874296783580663808,26412,4246
1992,874680097055178752,28226,4785
1993,875021211251597312,25812,4844
1994,875144289856114688,22214,5070
1995,875747767867523072,25539,4434
1996,876120275196170240,28236,4830
1997,876484053909872640,18989,2479
1998,876838120628539392,20939,3468
1999,877201837425926144,27490,5774
2000,877316821321428993,27688,5337
2001,877556246731214848,23057,3939
2002,877611172832227328,0,82
2003,877736472329191424,81018,19745
2004,878057613040115712,42532,7068
2005,878281511006478336,7850,1332
2006,878776093423087618,19594,4243
2007,879008229531029506,19169,2772
2008,879050749262655488,22855,4852
2009,879376492567855104,16956,3202
2010,879415818425184262,107197,45352
2011,879492040517615616,23655,3270
2012,879862464715927552,22522,3593
2013,880095782870896641,27941,4463
2014,880221127280381952,27406,4363
2015,880465832366813184,28838,6439
2016,880872448815771648,21556,3923
2017,880935762899988482,17196,2850
2018,881268444196462592,23332,5291
2019,881536004380872706,50026,16408
2020,881666595344535552,51133,10959
2021,881906580714921986,24585,3487
2022,882045870035918850,29702,5123
2023,882268110199369728,45497,11894
2024,882627270321602560,28206,6244
2025,882762694511734784,28654,5045
2026,882992080364220416,24220,4052
2027,883117836046086144,37652,6845
2028,883360690899218434,22803,3778
2029,883482846933004288,46479,10247
2030,883838122936631299,22132,3534
2031,884162670584377345,20607,3073
2032,884441805382717440,27290,5799
2033,884562892145688576,24579,5045
2034,884876753390489601,28276,5997
2035,884925521741709313,78496,18988
2036,885167619883638784,22181,4485
2037,885311592912609280,0,19053
2038,885528943205470208,36406,6588
2039,885984800019947520,33088,6984
2040,886258384151887873,28284,6446
2041,886366144734445568,21371,3261
2042,886680336477933568,22674,4572
2043,886736880519319552,12206,3385
2044,886983233522544640,35576,7968
2045,887101392804085760,30890,6106
2046,887343217045368832,34052,10628
2047,887473957103951883,69939,18718
2048,887517139158093824,46715,11949
2049,887705289381826560,30533,5540
2050,888078434458587136,22025,3608
2051,888554962724278272,20158,3685
2052,888804989199671297,25881,4484
2053,888917238123831296,29396,4638
2054,889278841981685760,25589,5579
2055,889531135344209921,15265,2286
2056,889638837579907072,27468,4660
2057,889665388333682689,48180,10261
2058,889880896479866881,28063,5078
2059,890006608113172480,30967,7513
2060,890240255349198849,32301,7605
2061,890609185150312448,28062,4363
2062,890729181411237888,66311,19380
2063,890971913173991426,11988,2124
2064,891087950875897856,20444,3206
2065,891327558926688256,40779,9634
2066,891689557279858688,42611,8850
2067,891815181378084864,25318,4265
2068,892177421306343426,33609,6422
2069,892420643555336193,39246,8760
